x -> y
0..143 -> 127 (0)

144 -> 128 (1)
146 -> 129 (2)
148 -> 130 (3)
150 -> 131 (4)
151 -> 132 (5)
152 -> 132 (5)
153 -> 132 (5)
154 -> 133 (6)
155 ->
156 -> 134 (7)
157 ->
158 -> 135 (8)
159 -> 135 (8)

160 -> 136 (1)
161 -> 136
162 -> 137 (2)
163 -> 137
164 -> 138 (3)
165 -> 138
166 -> 139 (4)
167 -> 139
168 -> 140 (5)
169 -> 140
170 -> 141 (6)
171 -> 141
172 -> 142
173 -> 142 (7)
174 -> 143
175 -> 143 (8)

176 -> 144 (1)
177 -> 145 (2)
178 -> 146 (3)
179 -> 147 (4)
180 -> 148 (5)
181 -> 149 (6)
182 -> 150 (7)
183 -> 151 (8)
184 -> 152 (9)
185 -> 153 (10)
186 -> 154 (11)
187 -> 155 (12)
188 -> 156 (13)
189 -> 157 (14)
190 -> 158 (15)
191 -> 159 (16)

192 -> 160 (1)
193 -> 160
194 -> 161 (2)
195 -> 161
196 -> 162 (3)
197 -> 162
198 -> 163 (4)
199 -> 163
200 -> 164 (5)
201 -> 165 (6)
202 -> 165 (6)
203 -> 165 (6)
204 -> 166 (7)
205 -> 166
206 -> 167 (8)
207 -> 167

208 -> 168 (1)
209 -> 168 (1)
210 -> 169 (2)
211 -> 169 (2)
212 -> 170 (3)
213 -> 170
214 -> 171 (4)
215 -> 171
216 -> 172 (5)
217 -> 172
218 -> 173 (6)
219 -> 173
220 -> 174 (7)
221 -> 174

222..271 -> 175

272 -> 175 (0)
273 -> 174 (-1)
274 -> 173 (-2)
275 -> 172 (-3)
276 -> 171 (-4)
277 -> 170 (-5)
278 -> 169 (-6)
279 -> 168 (-7)
280 -> 167 (-8)
281 -> 166 (-9)
282 -> 165 (-10)
283 -> 164 (-11)
284 -> 163 (-12)
285 -> 162 (-13)
286 -> 161 (-14)
287 -> 160 (-15)

288 -> 159 (-1)
289 -> 158 (-2)
290 -> 157 (-3)
291 -> 156 (-4)
292 -> 155 (-5)
293 -> 154 (-6)
294 -> 153 (-7)
295 -> 152 (-8)
296 -> 151 (-9)
297 -> 150 (-10)
298 -> 149 (-11)
299 -> 148 (-12)
300 -> 147 (-13)
301 -> 146 (-14)
302 -> 145 (-15)
303 -> 144 (-16)

304 -> 143 (-1)
305 -> 143
306 -> 142 (-2)
307 -> 142
308 -> 141 (-3)
309 -> 141
310 -> 140 (-4)
311 -> 140
312 -> 139 (-5)
313 -> 139
314 -> 138 (-6)
315 -> 138
316 -> 137 (-7)
317 -> 137
318 -> 136 (-8)
319 -> 136

320 -> 135 (-1)
321 -> 135
322 -> 134 (-2)
323 -> 134
324 -> 133 (-3)
325 -> 133
326 -> 132 (-4)
327 -> 132
328 -> 131 (-5)
329 -> 131
330 -> 130 (-6)
331 -> 130
332 -> 129 (-7)
333 -> 129
334 -> 128 (-8)
335 -> 128

336 -> 127 (-1)
337 -> 126 (-2)
338 -> 125 (-3)
339 -> 124 (-4)
340 -> 123 (-5)
341 -> 122 (-6)
342 -> 121 (-7)
343 -> 120 (-8)
344 -> 119 (-9)
345 -> 118 (-10)
346 -> 117 (-11)
345 -> 116 (-12)
348 -> 115 (-13)
349 -> 114 (-14)
350 -> 113 (-15)
351 -> 112 (-16)

352..502 -> 111
